1.000E-01	 5.1207E-26
9.000E-02	 5.1213E-26
8.000E-02	 5.1207E-26
7.000E-02	 5.1215E-26
6.000E-02	 5.1230E-26
5.000E-02	 5.1224E-26
4.000E-02	 5.1283E-26
3.000E-02	 5.1425E-26
2.000E-02	 5.1950E-26
1.000E-02	 5.5633E-26
9.000E-03	 5.6834E-26
8.000E-03	 5.8536E-26
7.000E-03	 6.0973E-26
6.000E-03	 6.4697E-26
5.000E-03	 7.0766E-26
4.000E-03	 8.1676E-26
3.000E-03	 1.0467E-25
2.000E-03	 1.7174E-25
1.000E-03	 6.4182E-25
9.000E-04	 8.3084E-25
8.000E-04	 1.1306E-24
7.000E-04	 1.6411E-24
6.000E-04	 2.6122E-24
5.000E-04	 4.7502E-24
4.000E-04	 1.0660E-23
3.999E-04	 1.0659E-23
3.483E-04	 1.8534E-23
3.034E-04	 3.3498E-23
2.642E-04	 6.3277E-23
2.512E-04	 8.0644E-23
2.301E-04	 1.2617E-22
2.004E-04	 2.7035E-22
1.746E-04	 5.9910E-22
1.521E-04	 1.5057E-21
1.324E-04	 4.1742E-21
1.153E-04	 1.2598E-20
1.08116E-4  2.14666e-20
1.07333E-4  2.29009e-20
1.07332E-4  2.29021e-20
1.073E-04  2.29641e-20
1.066E-04  2.43441e-20
1.005E-04	 4.3741E-20
9.000E-05	 1.2305E-19
8.000E-05	 4.3542E-19
7.000E-05	 2.1381E-18
6.000E-05	 1.7061E-17
5.000E-05	 2.9286E-16
4.000E-05	 1.9132E-14
3.000E-05	 1.7493E-11
2.000E-05	 1.1077E-05